xrec
0.117447247331146
0.790170020157779
-0.368865888993805
-1.25996722509322
-2.07022077931534
-1.68626596368438
0.607105532905856
0.882015608053003
1.58491093179286
1.50676139337158
0.570409191789088
-0.618903102772498
-1.39385311705355
-2.34377848295277
-3.21532030324394
-3.50390596609928
-4.06526013301084
-3.5222717098371
-3.67452570677549
-3.63798433096355
-4.18823401632886
-1.86929039574759
-1.65242962628202
-1.49469341051451
-0.135371464600924
-0.307611550621306
-0.664770123655076
-0.365734276159296
0.0944383430607969
-0.404189251634526
-0.702743871972007
-0.751900223935579
-1.64881778724801
-0.902305046066613
-1.06310122859308
0.177718687102613
0.963512583314459
-0.108104541819528
0.968287565966275
0.711781984141251
-0.110180855391144
0.46331165134684
-0.605430359483566
0.00896950890583534
-0.452161632770208
0.795299100391642
0.108379924031629
-0.287897066715888
0.26871955100899
0.829102699308869
0.74999481109373
-0.192921083355655
1.058470863411
0.23454513899777
1.17261449587006
1.35869242402004
0.55687602754886
1.09219769543192
1.15699674388462
0.820495646606703
1.17084830359854
0.56891156389053
-0.652497424849702
0.264488523558403
-0.699592227922689
-1.5134554630613
-2.16194232239686
-2.86874499978605
-2.03848228955358
-2.31777508213551
-2.6257531358848
-2.77463203650312
-3.37756773694538
-4.16756605183226
-4.42915866273673
-5.54548852529279
-1.51686535210219
-1.81663143237185
-1.01565636357157
-1.46458504162897
-1.84741401922796
-1.2947147914353
0.12181795047069
-0.61929700550547
-0.174184862716691
-0.120983262789043
1.81106303426222
1.63947848741477
1.81399644023407
3.22119010109684
2.32877230208321
2.99546790452252
3.73564551469927
4.05755107885481
2.99729025678412
2.09975876022676
0.975490534872827
1.49755817105486
0.721917998766933
0.448567436780811
