0	-0.0913659390338726
1	1.03715596213527
2	1.03467627587214
3	0.727070970035319
4	0.771552845043159
5	0.868133294165428
6	2.76247979065982
7	2.85564198917651
8	3.42504731687319
9	3.29440637236885
10	2.70523216024933
11	2.24204750307366
12	2.03799896676112
13	1.742917951757
14	1.50286199670886
15	1.38715528157182
16	1.23517589098844
17	1.07673079758085
18	1.14523453983373
19	0.922957499078226
20	0.761817485418931
21	1.04942207839574
22	1.16345982154362
23	1.32660110409141
24	2.22519182253817
25	2.24150623625473
26	2.19231448446473
27	2.3277243440275
28	2.76966475087802
29	2.51673526922865
30	2.30073119348109
31	2.44312015576251
32	2.15764892435007
33	2.18123738890981
34	2.17442230388273
35	2.6150848944141
36	2.97991610737499
37	2.72646538375203
38	3.06334368168569
39	3.06353624604136
40	2.77251678662599
41	3.00557905971222
42	2.75562059222239
43	2.66863033437701
44	2.61890436489631
45	3.06548511306117
46	3.05943992037378
47	2.91051492038117
48	2.98423882828976
49	3.04796745890929
50	2.95656514619672
51	2.79915849047968
52	3.32632649088217
53	2.83814771626411
54	3.3410008312194
55	3.42894414593678
56	3.0374758196641
57	3.31211257186703
58	3.14933648911684
59	2.88996490605274
60	3.32250600534563
61	3.0364548665887
62	2.60793372882969
63	2.80195403203152
64	2.52172530226214
65	2.23706028098869
66	2.018384814222
67	1.92459005690536
68	1.95494227738334
69	1.87648935109884
70	1.96359757149715
71	1.76654624535193
72	1.64578087161195
73	1.35495472561627
74	1.36560928946985
75	1.8218582394803
76	2.52970317962995
77	2.55672072062258
78	2.23445298138442
79	2.26406548347949
80	1.77954203323722
81	1.99689523670551
82	2.58187206837221
83	2.45575907947223
84	2.46728064276484
85	2.36403697339979
86	3.60567478489938
87	3.58172097584655
88	3.76056415960083
89	4.73476604054429
90	4.49076543504401
91	4.81187761955266
92	5.33360078344029
93	5.55039405193551
94	5.20717291797629
95	4.77572339255359
96	4.2580341172909
97	4.18402388660326
98	3.55959813055725
99	3.4363244342223
