0.0799337102984397
-0.948480983570505
0.411490621423374
0.67697780568403
0.857732545205355
-0.691159125382991
0.449377623166851
0.100633350315076
0.826069998469923
0.536157079925919
0.897888425985076
-0.131937867924581
-0.147201456151267
1.00777340530544
-2.12365546241575
-0.50458640551401
-1.27059444980866
-0.382584802707648
0.648679262048621
0.825727149241758
-1.01494364268014
-0.471069912683167
0.13702487413005
-0.291863375753573
0.301818555261006
0.399930942955802
-0.929961558940129
-0.176830265929232
-2.13209459916153
1.14536171051847
-0.629090760994156
-1.20384997400222
-0.253944683422812
-1.4286468646321
-0.0208576177016003
-0.560664996528185
2.17777870918415
1.1384653873296
-2.4968865031845
0.441326931727609
-1.39813787581107
-0.255055179880806
0.164404073318729
0.747734028808123
-0.273046949402907
1.57630014654608
-0.480937151778845
0.327512120829686
0.664734120627595
0.0851885927211602
0.880952785381048
0.323213137847597
-0.784146183664088
-1.80537335138609
1.85859294855571
-0.604530088774459
0.103359722310648
0.563166955145978
0.113596996734002
-0.904726212798032
-0.467714582451856
-0.124889947223107
1.47895849150403
-0.860815690006961
0.784668467287821
0.30862313994853
-0.233860042129153
-1.05697274596013
-0.284140954626164
-0.0866902824593051
-1.46939507448636
0.192182244870785
-0.822293276290175
-0.0942405879597235
0.33621334095424
-0.904654059246837
-0.288256361205696
0.350062757534178
-1.8358591425043
1.03597590824548
2.42446114493936
0.959400509407976
-0.315771995009409
0.428622679859396
-1.03598477851339
1.87786546049586
0.940704403352132
0.787345779935246
-0.875874261956672
0.319949134382331
-0.558294284850904
-0.311429418546895
-0.570009916642186
-1.02573361562871
-0.908745586874325
-0.209897334055591
-1.69886408417261
0.607600575846084
-0.117798289267962
0.699160333644167
