0
-1.52732618603965
0.125497972633845
0.197718626951662
0.0683207191528754
0.334929860374226
2.79096034428663
1.76343875727998
-2.82287014230606
1.77418734502662
0.387603405531907
0.106073066629394
0.0882723590662929
-0.000711361255866734
0.00208647024770883
-0.116090673671879
-0.0785643888687275
0.160903713545041
0.0980102896615848
0.0987165636585041
-0.0296700001005612
-0.500680745704212
0.35756453348979
0.38812381627602
-1.15289173806194
0.585331580321288
0.450299272982386
-0.734526212364065
1.06086129754768
-0.346418060304412
0.381163807505797
0.51097451134094
0.0319213612777029
0.673201094560145
-0.442691824998281
-1.45495963204913
2.04846134787333
0.306118044138156
-1.95845528471787
0.956751714855667
0.16551584152843
-1.09684423517857
-0.0188074938614621
0.821829588894701
0.390637873455029
1.71917739016855
0.214337115518104
-0.570452713469663
-1.20858892551611
1.48788696318459
-1.18006954976784
-0.301532462200173
2.12539987482969
-0.000201577602630024
-2.07943537308659
-1.94739064168808
0.329056945468158
-1.70381893377503
1.64411603197921
0.849393144732858
-1.65180216589619
0.546614190010772
0.00728905791342881
1.06141250331075
0.204433722622057
-0.094500436028913
0.232730938927108
0.0960673202326086
-0.363710063137289
0.194169213945075
0.187643699491089
0.144855366802669
-0.0991449564935059
-0.0362195961568203
-0.050574476514611
0.000579803624140176
0.837742157861053
-0.12473914290849
-0.575636425211606
-0.240585649804719
-0.103253281628958
0.489124675052336
-1.60457534342158
-0.175793046497059
0.777495975815099
-0.857846910727872
3.34798696146659
-1.88210275183139
-2.17059566928821
6.3851853123268
-0.911668900168653
5.00136833950429
-8.63387406885285
-8.23046925358067
-1.46023499415073
-1.41637785960163
0.320774963636134
2.20532936498143
-0.673663808350627
-0.779655747335217
