0	-0.596313451332373
1	1.77883708389557
2	0.738592582146154
3	-0.124698860019809
4	1.02197344939256
5	0.445654385313077
6	-0.0934904246321086
7	-0.692446957109528
8	0.371892330005437
9	0.177351578884833
10	-0.658242467533445
11	-1.05165648711144
12	-1.62972184793552
13	-2.25509496606472
14	-0.921300488184881
15	-0.769478920886815
16	-0.978054048472256
17	0.0179419246945891
18	-0.844687187313934
19	-1.91027520856753
20	-2.54007418334667
21	-2.13126616271665
22	-2.23048934757634
23	-3.11696073405941
24	-0.418910746223157
25	-1.27520803662377
26	-1.32893701552977
27	-1.90044421825524
28	-2.46067084275968
29	-2.58791903766257
30	-0.334084784843128
31	0.540919698621307
32	-0.211928517575295
33	-0.845178622606469
34	-0.886846719762951
35	0.998199708400439
36	0.574740273181373
37	0.810034936370055
38	0.21383774296916
39	-0.124497286842096
40	0.712512808388296
41	-0.0732068219043804
42	-0.238554552604229
43	0.0306612988881724
44	-0.621984726848775
45	0.0243543383495811
46	0.696074013256696
47	2.94090268002162
48	2.22415119720929
49	1.85413669674631
50	1.23915673668137
51	1.03790461002914
52	1.93047078230544
53	3.13717109478343
54	3.15926795708056
55	3.39964984394704
56	2.66705435346026
57	1.89427912466952
58	1.41840348159552
59	1.15605800216087
60	1.73226962302829
61	1.20838098435147
62	0.322287495127046
63	1.2848208407592
64	0.585708805122472
65	-0.390855097859464
66	-0.36713310356821
67	-1.5050488423065
68	-2.2609764025707
69	-3.42337694717981
70	-2.34534219580137
71	-2.91150755653747
72	-2.89109437988547
73	-2.10089488550315
74	-2.14587281209841
75	-2.92855180908075
76	-2.60435570723851
77	-1.29733047726991
78	-1.21836941576016
79	-2.0254808004963
80	-2.68732821139554
81	-3.30668633077584
82	-3.47083561218761
83	-3.49843978604345
84	-3.58513862913379
85	-3.19792114738256
86	-3.97170853754684
87	-1.77321758144839
88	-2.59089708970762
89	-2.78969294496297
90	-1.89188208562733
91	-1.42036736974405
92	-1.51133322755344
93	-2.01994534201818
94	-1.80345020084273
95	-2.38032911861775
96	-2.50071820495742
97	-2.99048516116289
98	-3.6864546630691
99	-3.9399207667236
